700
701
732
833
835
727
736
703
842
704
827
779
843
739
744
743
824
742
817
750
849
737
851
786
834
812
720
715
725
854
740
840
731
753
761
837
721
815
722
724
723
726
841
710
766
767
745
762
771
826
774
785
763
741
782
816
846
823
764
759
775
832
769
825
795
819
828
773
814
820
733
778
796
836
847
784
852
735
730
717
734
760
760
789
780
781
783
781
783
765
855
830
838
797
749
768
718
831
708
738
716
772
758
848
752
853
829
757
756
850
748
728
705
788
754
755
801
802
803
777
